Tn(sec) V(m/sec)
0.031623 0.032905
0.032359 0.033759
0.033113 0.034628
0.033884 0.035509
0.034674 0.036391
0.035481 0.03727
0.036308 0.038147
0.037154 0.039039
0.038019 0.039987
0.038905 0.041046
0.039811 0.042262
0.040738 0.043646
0.041687 0.045163
0.042658 0.046783
0.043652 0.048558
0.044668 0.050559
0.045709 0.052742
0.046774 0.054932
0.047863 0.056945
0.048978 0.058686
0.050119 0.060153
0.051286 0.062363
0.052481 0.064965
0.053703 0.067466
0.054954 0.069755
0.056234 0.071643
0.057544 0.072898
0.058884 0.075067
0.060256 0.077579
0.06166 0.079262
0.063096 0.080434
0.064565 0.081967
0.066069 0.085583
0.067608 0.089116
0.069183 0.092492
0.070795 0.095728
0.072444 0.099013
0.074131 0.103457
0.075858 0.107378
0.077625 0.110705
0.079433 0.113779
0.081283 0.116883
0.083176 0.120155
0.085114 0.124037
0.087096 0.128988
0.089125 0.1348
0.091201 0.140819
0.093325 0.146776
0.095499 0.152888
0.097724 0.159385
0.1 0.166273
0.102329 0.173287
0.104713 0.18023
0.107152 0.18758
0.109648 0.196393
0.112202 0.207263
0.114815 0.219755
0.11749 0.237437
0.120226 0.253845
0.123027 0.277559
0.125893 0.300892
0.128825 0.319764
0.131826 0.337753
0.134896 0.360113
0.138038 0.373166
0.141254 0.384196
0.144544 0.404388
0.147911 0.421981
0.151356 0.437496
0.154882 0.465062
0.158489 0.482949
0.162181 0.502067
0.165959 0.513193
0.169824 0.515391
0.17378 0.511174
0.177828 0.529832
0.18197 0.549153
0.186209 0.553613
0.190546 0.545754
0.194984 0.53187
0.199526 0.501094
0.204174 0.474438
0.20893 0.496353
0.213796 0.512002
0.218776 0.522872
0.223872 0.513181
0.229087 0.493108
0.234423 0.490089
0.239883 0.476942
0.245471 0.463264
0.251189 0.445519
0.25704 0.449605
0.263027 0.445288
0.269153 0.433447
0.275423 0.414557
0.281838 0.40075
0.288403 0.386216
0.295121 0.395045
0.301995 0.411997
0.30903 0.435845
0.316228 0.462843
0.323594 0.488734
0.331131 0.514956
0.338844 0.533984
0.346737 0.542337
0.354813 0.540375
0.363078 0.52472
0.371535 0.506979
0.380189 0.490167
0.389045 0.483926
0.398107 0.491157
0.40738 0.513899
0.416869 0.552117
0.42658 0.600163
0.436516 0.633108
0.446684 0.646663
0.457088 0.643936
0.467735 0.628832
0.47863 0.605477
0.489779 0.580811
0.501187 0.555429
0.512861 0.531588
0.524807 0.511173
0.537032 0.487895
0.549541 0.491285
0.562341 0.492143
0.57544 0.484121
0.588844 0.467897
0.60256 0.44471
0.616595 0.418871
0.630957 0.39296
0.645654 0.378507
0.660693 0.38798
0.676083 0.407102
0.691831 0.447695
0.707946 0.480348
0.724436 0.499796
0.74131 0.504254
0.758578 0.497836
0.776247 0.485141
0.794328 0.470699
0.812831 0.455401
0.831764 0.438203
0.851138 0.430819
0.870964 0.441903
0.891251 0.458417
0.912011 0.48406
0.933254 0.505474
0.954993 0.522102
0.977237 0.533997
1 0.535444
1.023293 0.52436
1.047129 0.501763
1.071519 0.472117
1.096478 0.444044
1.122018 0.423598
1.148154 0.413814
1.174898 0.414447
1.202264 0.423363
1.230269 0.437697
1.258925 0.454841
1.28825 0.46964
1.318257 0.480715
1.348963 0.497531
1.380384 0.512564
1.412538 0.510871
1.44544 0.487329
1.479108 0.453957
1.513561 0.412284
1.548817 0.384235
1.584893 0.390986
1.62181 0.389127
1.659587 0.378687
1.698244 0.361272
1.737801 0.345885
1.778279 0.352571
1.819701 0.354913
1.862087 0.353073
1.905461 0.350503
1.949845 0.343476
1.995262 0.34514
2.041738 0.353212
2.089296 0.357175
2.137962 0.361512
2.187762 0.366354
2.238721 0.366976
2.290868 0.37339
2.344229 0.378548
2.398833 0.377369
2.454709 0.369854
2.511886 0.35663
2.570396 0.338518
2.630268 0.318261
2.691535 0.307553
2.754229 0.299275
2.818383 0.288375
2.884032 0.269323
2.951209 0.248907
3.019952 0.256633
3.090295 0.266526
3.162278 0.274363
3.235937 0.277847
3.311311 0.276016
3.388442 0.268622
3.467369 0.257292
3.548134 0.256884
3.630781 0.265671
3.715352 0.278612
3.801894 0.282346
3.890451 0.29383
3.981072 0.298845
4.073803 0.294639
4.168694 0.28302
4.265795 0.266328
4.365158 0.247288
4.466836 0.227247
4.570882 0.207485
4.677351 0.189195
4.786301 0.173178
4.897788 0.159617
5.011872 0.148374
5.128614 0.13907
5.248075 0.13124
5.370318 0.124457
5.495409 0.118388
5.623413 0.112809
5.754399 0.107589
5.888437 0.102664
6.025596 0.09801
6.16595 0.093614
6.309573 0.089454
6.456542 0.085501
6.606934 0.081732
6.76083 0.078138
6.91831 0.074723
7.079458 0.071488
7.24436 0.068434
7.413102 0.065565
7.585776 0.062892
7.762471 0.060425
7.943282 0.058168
8.128305 0.056108
8.317638 0.054217
8.51138 0.053108
8.709636 0.052026
8.912509 0.050955
9.120108 0.04989
9.332543 0.048818
9.549926 0.047725
9.772372 0.046601
10 0.04545
10.23293 0.044286
10.471285 0.043125
10.715193 0.041978
10.964782 0.04085
11.220185 0.039735
11.481536 0.038625
11.748976 0.037512
12.022644 0.036398
12.302688 0.035289
12.589254 0.034203
12.882496 0.033158
13.182567 0.032174
13.489629 0.031261
13.803843 0.030422
14.125375 0.029651
14.454398 0.028935
14.791084 0.028257
15.135612 0.027603
15.488166 0.026959
15.848932 0.026318
16.218101 0.025681
16.595869 0.025052
16.982437 0.024438
17.378008 0.02385
17.782794 0.023294
18.197009 0.022776
18.620871 0.022297
19.054607 0.021855
19.498446 0.021443
19.952623 0.021053
20.417379 0.020675
20.892961 0.0203
21.379621 0.019917
21.877616 0.019522
22.387211 0.01911
22.908677 0.01868
23.442288 0.018234
23.988329 0.017775
24.547089 0.01731
25.118864 0.016845
25.703958 0.016387
26.30268 0.015942
26.915348 0.015516
27.542287 0.015114
28.183829 0.014739
28.840315 0.014392
29.512092 0.014073
30.199517 0.013782
30.902954 0.013516
31.622777 0.013271
32.359366 0.013045
33.113112 0.012831
33.884416 0.012628
34.673685 0.012429
35.481339 0.012233
36.307805 0.012034
37.153523 0.011831
38.01894 0.011622
38.904514 0.011405
39.810717 0.011178
40.738028 0.010943
41.686938 0.010698
42.657952 0.010446
43.651583 0.010186
44.668359 0.009921
45.708819 0.009651
46.773514 0.009378
47.863009 0.009105
48.977882 0.008832
50.118723 0.008562
51.286138 0.008297
52.480746 0.008036
53.70318 0.007783
54.954087 0.007538
56.234133 0.007301
57.543994 0.007074
58.884366 0.006858
60.255959 0.006652
61.6595 0.006458
63.095734 0.006274
64.565423 0.006102
66.069345 0.00594
67.608298 0.005789
69.183097 0.005649
70.794578 0.005518
72.443596 0.005396
74.131024 0.005284
75.857758 0.00518
77.624712 0.005083
79.432823 0.004994
81.283052 0.004911
83.176377 0.004834
85.113804 0.004763
87.096359 0.004696
89.125094 0.004634
91.201084 0.004575
93.32543 0.00452
95.499259 0.004468
97.723722 0.004418
100 0.00437
