Tn(sec) V(m/sec)
0.031623 0.032955
0.032359 0.033883
0.033113 0.034866
0.033884 0.035815
0.034674 0.037043
0.035481 0.037942
0.036308 0.037038
0.037154 0.044757
0.038019 0.062999
0.038905 0.047871
0.039811 0.084179
0.040738 0.092222
0.041687 0.082721
0.042658 0.088587
0.043652 0.084433
0.044668 0.103263
0.045709 0.090961
0.046774 0.126581
0.047863 0.10028
0.048978 0.097241
0.050119 0.108593
0.051286 0.12731
0.052481 0.196941
0.053703 0.15662
0.054954 0.158254
0.056234 0.11327
0.057544 0.343799
0.058884 0.29224
0.060256 0.150032
0.06166 0.179022
0.063096 0.166329
0.064565 0.446163
0.066069 0.279585
0.067608 0.388231
0.069183 0.591258
0.070795 0.484712
0.072444 0.193912
0.074131 0.375827
0.075858 0.489665
0.077625 0.435825
0.079433 0.327708
0.081283 0.442472
0.083176 0.453019
0.085114 0.664227
0.087096 1.166636
0.089125 0.669935
0.091201 0.879036
0.093325 0.423376
0.095499 0.810608
0.097724 0.530227
0.1 0.747975
0.102329 0.37582
0.104713 0.449962
0.107152 0.639452
0.109648 0.908382
0.112202 1.001114
0.114815 0.991943
0.11749 1.125257
0.120226 0.936477
0.123027 1.630951
0.125893 0.723428
0.128825 1.377553
0.131826 1.57666
0.134896 1.507143
0.138038 2.233716
0.141254 1.541235
0.144544 3.233907
0.147911 3.336877
0.151356 3.401847
0.154882 2.724182
0.158489 2.880375
0.162181 2.738325
0.165959 6.220685
0.169824 3.744151
0.17378 4.728841
0.177828 3.273639
0.18197 2.908486
0.186209 3.380118
0.190546 4.118044
0.194984 4.132781
0.199526 7.458815
0.204174 3.291362
0.20893 4.637999
0.213796 3.324639
0.218776 5.42059
0.223872 2.703095
0.229087 3.004213
0.234423 3.659737
0.239883 2.797227
0.245471 4.448005
0.251189 2.051158
0.25704 1.218002
0.263027 1.963796
0.269153 3.499598
0.275423 2.634182
0.281838 3.035268
0.288403 1.520803
0.295121 1.375098
0.301995 4.138303
0.30903 1.848257
0.316228 1.514462
0.323594 1.23753
0.331131 3.252955
0.338844 3.124601
0.346737 6.517396
0.354813 3.342776
0.363078 2.289593
0.371535 4.240426
0.380189 1.889147
0.389045 2.701755
0.398107 1.97875
0.40738 2.580364
0.416869 3.557693
0.42658 5.230886
0.436516 4.423812
0.446684 4.232973
0.457088 2.928091
0.467735 1.426934
0.47863 3.339278
0.489779 3.204702
0.501187 3.511588
0.512861 2.141418
0.524807 2.022881
0.537032 3.51748
0.549541 4.85666
0.562341 4.733191
0.57544 2.95758
0.588844 1.667987
0.60256 2.800458
0.616595 1.832605
0.630957 2.25397
0.645654 1.470992
0.660693 3.039443
0.676083 3.524088
0.691831 2.148781
0.707946 1.206529
0.724436 2.480417
0.74131 2.590268
0.758578 2.65386
0.776247 2.183569
0.794328 1.473404
0.812831 3.286635
0.831764 1.849738
0.851138 2.068408
0.870964 3.432386
0.891251 2.236599
0.912011 1.493372
0.933254 2.054685
0.954993 0.99896
0.977237 2.121832
1 1.437458
1.023293 2.013483
1.047129 3.330992
1.071519 1.757639
1.096478 1.607199
1.122018 1.192975
1.148154 0.836805
1.174898 0.698535
1.202264 0.720008
1.230269 0.989665
1.258925 1.50129
1.28825 1.724215
1.318257 1.981612
1.348963 2.22819
1.380384 1.650887
1.412538 2.627037
1.44544 3.107634
1.479108 1.402068
1.513561 2.086612
1.548817 1.495371
1.584893 1.65699
1.62181 1.157107
1.659587 1.009695
1.698244 0.788255
1.737801 1.118989
1.778279 1.033893
1.819701 1.385493
1.862087 1.749747
1.905461 1.472634
1.949845 0.72896
1.995262 0.80409
2.041738 0.620789
2.089296 0.742912
2.137962 0.965518
2.187762 0.596747
2.238721 1.046718
2.290868 1.259583
2.344229 1.085002
2.398833 1.002728
2.454709 1.083779
2.511886 1.184114
2.570396 1.171671
2.630268 0.959369
2.691535 0.915879
2.754229 0.935277
2.818383 1.301982
2.884032 1.312381
2.951209 0.790112
3.019952 0.486551
3.090295 0.449681
3.162278 0.502434
3.235937 0.54287
3.311311 0.516404
3.388442 0.613377
3.467369 0.604517
3.548134 0.694121
3.630781 0.916588
3.715352 1.007546
3.801894 1.250381
3.890451 1.124697
3.981072 0.770677
4.073803 0.597121
4.168694 0.50634
4.265795 0.444871
4.365158 0.514852
4.466836 0.412162
4.570882 0.316536
4.677351 0.256332
4.786301 0.195997
4.897788 0.152217
5.011872 0.144689
5.128614 0.153276
5.248075 0.148739
5.370318 0.128871
5.495409 0.116893
5.623413 0.112997
5.754399 0.107699
5.888437 0.100943
6.025596 0.094809
6.16595 0.090806
6.309573 0.088028
6.456542 0.084573
6.606934 0.079877
6.76083 0.075004
6.91831 0.071089
7.079458 0.068079
7.24436 0.06505
7.413102 0.062591
7.585776 0.062081
7.762471 0.062086
7.943282 0.061794
8.128305 0.06066
8.317638 0.058766
8.51138 0.056686
8.709636 0.055032
8.912509 0.054061
9.120108 0.053571
9.332543 0.05309
9.549926 0.052189
9.772372 0.050708
10 0.048797
10.23293 0.046794
10.471285 0.045025
10.715193 0.043659
10.964782 0.042652
11.220185 0.041803
11.481536 0.040864
11.748976 0.039648
12.022644 0.0381
12.302688 0.036301
12.589254 0.034429
12.882496 0.032689
13.182567 0.031234
13.489629 0.030162
13.803843 0.029459
14.125375 0.029039
14.454398 0.02877
14.791084 0.028516
15.135612 0.028165
15.488166 0.027652
15.848932 0.026964
16.218101 0.026134
16.595869 0.025225
16.982437 0.024315
17.378008 0.023476
17.782794 0.022763
18.197009 0.022205
18.620871 0.021806
19.054607 0.021546
19.498446 0.021388
19.952623 0.021284
20.417379 0.021186
20.892961 0.02105
21.379621 0.020843
21.877616 0.020543
22.387211 0.020142
22.908677 0.019645
23.442288 0.019065
23.988329 0.018425
24.547089 0.017749
25.118864 0.017064
25.703958 0.016395
26.30268 0.015765
26.915348 0.015189
27.542287 0.01468
28.183829 0.014244
28.840315 0.013882
29.512092 0.013589
30.199517 0.01336
30.902954 0.013184
31.622777 0.013051
32.359366 0.012947
33.113112 0.012862
33.884416 0.012783
34.673685 0.012702
35.481339 0.012609
36.307805 0.012497
37.153523 0.012362
38.01894 0.0122
38.904514 0.01201
39.810717 0.011792
40.738028 0.011547
41.686938 0.011277
42.657952 0.010985
43.651583 0.010674
44.668359 0.010349
45.708819 0.010013
46.773514 0.009671
47.863009 0.009326
48.977882 0.008982
50.118723 0.008642
51.286138 0.00831
52.480746 0.007989
53.70318 0.007679
54.954087 0.007383
56.234133 0.007207
57.543994 0.007068
58.884366 0.006901
60.255959 0.006708
61.6595 0.006492
63.095734 0.006256
64.565423 0.006003
66.069345 0.005739
67.608298 0.005467
69.183097 0.005334
70.794578 0.005215
72.443596 0.005108
74.131024 0.005012
75.857758 0.004927
77.624712 0.004851
79.432823 0.004783
81.283052 0.004723
83.176377 0.00467
85.113804 0.004622
87.096359 0.004578
89.125094 0.004539
91.201084 0.004503
93.32543 0.004469
95.499259 0.004438
97.723722 0.004408
100 0.004379
